[gd_scene load_steps=19 format=2]

[ext_resource path="res://GameDefinitions/Levels/LevelMeshParts/level_mesh_parts/Floor1_EntranceMesh.scn_part.scn" type="PackedScene" id=1]
[ext_resource path="res://Resources/Materials/rocks_ground_02.material" type="Material" id=2]
[ext_resource path="res://Resources/Materials/sorted/floors/medieval_blocks_03.material" type="Material" id=3]
[ext_resource path="res://Resources/Materials/wood_table_001.material" type="Material" id=4]
[ext_resource path="res://GameDefinitions/Items/KeyItems/ItemVent.tscn" type="PackedScene" id=5]
[ext_resource path="res://Resources/Models/imported/LampSquareTable.tscn" type="PackedScene" id=6]
[ext_resource path="res://GameDefinitions/Items/ItemBox.tscn" type="PackedScene" id=7]
[ext_resource path="res://Modules/effects/visual_effects/DustMotesVFX.tscn" type="PackedScene" id=8]
[ext_resource path="res://Modules/effects/sound_effects/ReverbArea.tscn" type="PackedScene" id=9]
[ext_resource path="res://GameDefinitions/Levels/reverb_presets/ReverbMedium.tres" type="AudioEffectReverb" id=10]

[sub_resource type="Gradient" id=6]
interpolation_mode = 2
offsets = PoolRealArray( 0, 0.0694444, 0.368056, 1 )
colors = PoolColorArray( 0.466667, 0.466667, 0.466667, 0, 0.466667, 0.466667, 0.466667, 1, 0.466667, 0.466667, 0.466667, 1, 0.466667, 0.466667, 0.466667, 0 )

[sub_resource type="GradientTexture" id=7]
gradient = SubResource( 6 )

[sub_resource type="Curve" id=8]
max_value = 100.0
_data = [ Vector2( 0, 1 ), 0.0, 0.0, 0, 0, Vector2( 1, 100 ), 284.087, 0.0, 0, 0 ]

[sub_resource type="CurveTexture" id=9]
curve = SubResource( 8 )

[sub_resource type="Curve" id=4]
_data = [ Vector2( 0, 0 ), 0.0, 0.0, 0, 0, Vector2( 0.0643087, 1 ), 0.0, 0.0, 0, 0, Vector2( 1, 0 ), 0.0, 0.0, 0, 0 ]

[sub_resource type="CurveTexture" id=5]
curve = SubResource( 4 )

[sub_resource type="ParticlesMaterial" id=10]
lifetime_randomness = 0.43
emission_shape = 2
emission_box_extents = Vector3( 6, 3, 6 )
gravity = Vector3( 0, -0.1, 0 )
initial_velocity = 0.5
angular_velocity = 45.0
angular_velocity_random = 0.25
tangential_accel = -2.0
tangential_accel_random = 0.33
damping_curve = SubResource( 9 )
angle = 720.0
angle_random = 1.0
scale = 0.5
scale_random = 0.75
scale_curve = SubResource( 5 )
color_ramp = SubResource( 7 )

[sub_resource type="BoxShape" id=11]
extents = Vector3( 8.93788, 2.76331, 8.80258 )

[node name="Floor1_EntranceMesh" instance=ExtResource( 1 )]

[node name="Mesh(Imported)" parent="." index="0"]
material/0 = ExtResource( 3 )
material/1 = ExtResource( 2 )
material/2 = ExtResource( 4 )

[node name="Objects" type="Spatial" parent="." index="2"]

[node name="ItemVent" parent="Objects" index="0" instance=ExtResource( 5 )]
transform = Transform( 1, 0, 0, 0, 1, 0, 0, 0, 1, 9.36339, -23.9948, -10.9677 )

[node name="lampSquareTable" parent="Objects" index="1" instance=ExtResource( 6 )]
transform = Transform( 1, 0, 0, 0, 1, 0, 0, 0, 1, 2, -23.3272, -11 )

[node name="lampSquareTable2" parent="Objects" index="2" instance=ExtResource( 6 )]
transform = Transform( -4.37114e-08, -1, 0, 1, -4.37114e-08, 0, 0, 0, 1, 8, -23.0665, -4.5 )

[node name="Label3D" type="Label3D" parent="Objects" index="3"]
transform = Transform( 1, 0, 0, 0, 1, 0, 0, 0, 1, 2.5, -21.5, -5 )
pixel_size = 0.04
billboard = 1
alpha_cut = 1
text = "Left click to pick up and drop items"
autowrap = true
width = 200.0

[node name="PickupItem_Box" parent="Objects" index="4" instance=ExtResource( 7 )]
transform = Transform( 1, 0, 0, 0, 1, 0, 0, 0, 1, 1.76684, -22.8793, -4.38153 )

[node name="PickupItem_Box_10" parent="Objects" index="5" instance=ExtResource( 7 )]
transform = Transform( 1, 0, 0, 0, 1, 0, 0, 0, 1, 2.65833, -24.7238, -7.75337 )

[node name="PickupItem_Box_11" parent="Objects" index="6" instance=ExtResource( 7 )]
transform = Transform( 1, 0, 0, 0, 1, 0, 0, 0, 1, 2.65833, -24.7238, -8.55724 )

[node name="PickupItem_Box_12" parent="Objects" index="7" instance=ExtResource( 7 )]
transform = Transform( 1, 0, 0, 0, 1, 0, 0, 0, 1, 2.65833, -24.7238, -9.37603 )

[node name="PickupItem_Box_13" parent="Objects" index="8" instance=ExtResource( 7 )]
transform = Transform( 1, 0, 0, 0, 1, 0, 0, 0, 1, 2.65833, -24.7238, -10.2171 )

[node name="PickupItem_Box_14" parent="Objects" index="9" instance=ExtResource( 7 )]
transform = Transform( 1, 0, 0, 0, 1, 0, 0, 0, 1, 2.65833, -24.7238, -11.1727 )

[node name="PickupItem_Box_15" parent="Objects" index="10" instance=ExtResource( 7 )]
transform = Transform( 1, 0, 0, 0, 1, 0, 0, 0, 1, 2.65833, -24.7238, -6.9172 )

[node name="PickupItem_Box_16" parent="Objects" index="11" instance=ExtResource( 7 )]
transform = Transform( 1, 0, 0, 0, 1, 0, 0, 0, 1, 2.65833, -24.7238, -5.80563 )

[node name="PickupItem_Box_17" parent="Objects" index="12" instance=ExtResource( 7 )]
transform = Transform( 1, 0, 0, 0, 1, 0, 0, 0, 1, 3.52049, -24.7238, -5.80563 )

[node name="PickupItem_Box_18" parent="Objects" index="13" instance=ExtResource( 7 )]
transform = Transform( 1, 0, 0, 0, 1, 0, 0, 0, 1, 4.2852, -24.7238, -5.80563 )

[node name="PickupItem_Box_19" parent="Objects" index="14" instance=ExtResource( 7 )]
transform = Transform( 1, 0, 0, 0, 1, 0, 0, 0, 1, 5.9349, -24.7238, -5.80563 )

[node name="PickupItem_Box_2" parent="Objects" index="15" instance=ExtResource( 7 )]
transform = Transform( 1, 0, 0, 0, 0.835318, 0.549767, 0, -0.549767, 0.835318, 7.14782, -24.4518, -1.61691 )

[node name="PickupItem_Box_3" parent="Objects" index="16" instance=ExtResource( 7 )]
transform = Transform( 0.395994, 0.504825, -0.767034, 0, 0.835318, 0.549767, 0.918253, -0.217704, 0.330781, 7.14782, -24.4518, 0.659317 )

[node name="PickupItem_Box_4" parent="Objects" index="17" instance=ExtResource( 7 )]
transform = Transform( 0.395994, 0.504825, -0.767034, 0, 0.835318, 0.549767, 0.918253, -0.217704, 0.330781, 5.37908, -24.4518, -1.41379 )

[node name="PickupItem_Box_5" parent="Objects" index="18" instance=ExtResource( 7 )]
transform = Transform( -0.0616248, 0.0842978, -0.994533, -0.0333857, 0.995695, 0.086465, 0.997541, 0.0385316, -0.0585451, 6.06339, -24.4427, 0.831666 )

[node name="PickupItem_Box_6" parent="Objects" index="19" instance=ExtResource( 7 )]
transform = Transform( 0.395994, 0.504825, -0.767034, 0, 0.835318, 0.549767, 0.918253, -0.217704, 0.330781, 6.27138, -24.4518, -0.106537 )

[node name="PickupItem_Box_7" parent="Objects" index="20" instance=ExtResource( 7 )]
transform = Transform( -0.312842, -0.910942, 0.268914, 0.242779, -0.350414, -0.904582, 0.918253, -0.217704, 0.330781, 4.27138, -24.4518, -1.10654 )

[node name="PickupItem_Box_8" parent="Objects" index="21" instance=ExtResource( 7 )]
transform = Transform( 0.395994, 0.504825, -0.767034, 0, 0.835318, 0.549767, 0.918253, -0.217704, 0.330781, 2.79857, -24.4518, -1.68061 )

[node name="PickupItem_Box_9" parent="Objects" index="22" instance=ExtResource( 7 )]
transform = Transform( -0.560596, 0.455256, -0.691719, 0, 0.835318, 0.549767, 0.82809, 0.308197, -0.468276, 4.08844, -24.4518, 1.30517 )

[node name="DustMotesVFX" parent="Objects" index="23" instance=ExtResource( 8 )]
transform = Transform( 1.7, 0, 0, 0, 1.7, 0, 0, 0, 1.7, 0, -20.9955, -6.94516 )
amount = 75
visibility_aabb = AABB( -5.43534, -2.46011, -5.39643, 10.8707, 4.92022, 10.7929 )
process_material = SubResource( 10 )

[node name="ReverbArea" parent="Objects" index="24" instance=ExtResource( 9 )]
transform = Transform( 1, 0, 0, 0, 1, 0, 0, 0, 1, 0, 0, -7.51798 )
reverb_settings = ExtResource( 10 )

[node name="CollisionShape" type="CollisionShape" parent="Objects/ReverbArea" index="0"]
transform = Transform( 1, 0, 0, 0, 1, 0, 0, 0, 1, 0, -21.762, 1.06813 )
shape = SubResource( 11 )
